40.6867 -73.9903
40.6937 -73.9907
40.6936 -73.9906
40.6944 -73.9925
40.6627 -73.9622
40.6772 -73.9834
40.6771 -73.9831
40.6772 -73.983
40.6807 -73.9752
40.692 -73.9862
40.6923 -73.9861
40.6904 -73.9853
40.6909 -73.9853
40.6904 -73.9846
40.6904 -73.9843
40.6921 -73.9854
40.6922 -73.9852
40.6915 -73.9822
40.6839 -73.9789
40.6852 -73.9777
40.6924 -73.9862
40.6811 -73.9944
40.6719 -73.9644
40.6721 -73.9642
40.6703 -73.9579
40.6707 -73.9576
40.681 -73.9557
40.6709 -73.9577
40.7013 -73.9867
40.7188 -73.9883
40.6899 -73.9814
40.5877 -73.814
40.6992 -73.9889
40.6993 -73.9883
40.6926 -73.9906
40.7053 -73.8118
40.635 -73.9628
40.7522 -73.9276
40.6364 -73.9946
40.7126 -74.0082
40.6837 -73.9671
40.6246 -73.9758
40.701 -73.8163
40.7466 -73.8907
40.6937 -73.9297
40.7603 -73.9836
40.7503 -73.9907
40.7497 -73.9911
40.7055 -73.9505
40.7107 -74.0084
40.7503 -73.9909
40.6934 -73.8524
40.8078 -73.9193
40.6261 -73.976
40.6427 -73.9792
40.7604 -73.9761
40.6798 -73.9414
40.747 -73.9931
40.5178 -74.239
40.6447 -74.0767
40.7086 -73.958
40.7256 -74.0037
40.7028 -73.9075
40.7478 -73.8838
40.7068 -74.0089
40.8166 -73.8962
40.69 -73.9517
40.7809 -73.9729
40.8658 -73.9273
40.7517 -73.856
40.7195 -74.0016
40.6609 -73.962
40.7665 -73.9828
40.6832 -73.9113
40.6834 -73.9671
40.7491 -73.938
40.6781 -73.9106
40.7127 -74.0041
40.7237 -73.9506
40.6888 -73.9601
40.7541 -73.9421
40.7687 -73.9817
40.694 -73.9491
40.7626 -73.9676
40.633 -73.9475
40.6807 -73.9748
40.6333 -73.9479
40.6329 -73.9475
40.6507 -73.9494
40.6681 -73.9505
40.6698 -73.9504
40.6954 -73.9494
40.669 -73.9338
40.6687 -73.931
40.6969 -73.9355
40.7177 -73.9577
40.7 -73.9499
40.7066 -73.9523
40.7138 -73.9514
40.7033 -73.9467
40.7006 -73.9422
40.7255 -73.9519
40.7238 -73.9509
40.7144 -73.9442
40.712 -73.9409
40.7062 -73.932
40.7323 -73.9544
40.6649 -73.9227
40.6617 -73.9153
40.6455 -73.9025
40.6787 -73.9215
40.6786 -73.9138
40.6891 -73.9216
40.6869 -73.9173
40.6901 -73.9229
40.6757 -73.9028
40.6768 -73.8996
40.6742 -73.8967
40.6888 -73.9047
40.6725 -73.8902
40.6663 -73.8833
40.674 -73.8807
40.6753 -73.8721
40.6755 -73.8721
40.706 -73.9221
40.7042 -73.9193
40.7033 -73.918
40.7035 -73.9176
40.7072 -73.9237
40.7062 -73.9219
40.7048 -73.9022
40.7061 -73.8956
40.7429 -73.8827
40.7548 -73.8458
40.7542 -73.846
40.7293 -73.8596
40.6915 -73.8666
40.6953 -73.8433
40.7012 -73.8164
40.7006 -73.942
40.6957 -73.9053
40.6795 -73.9297
40.6884 -73.9657
40.6878 -73.9679
40.6893 -73.955
40.6896 -73.9553
40.6687 -73.9307
40.6515 -73.9628
40.5755 -73.977
40.6699 -73.9895
40.6245 -73.9762
40.5132 -74.251
40.5154 -74.2454
40.7485 -73.8766
40.7333 -73.871
40.7332 -73.8687
40.7498 -73.8623
40.7266 -73.8535
40.7215 -73.8434
40.714 -73.8313
40.719 -73.838
40.7149 -73.8315
40.7594 -73.8299
40.7597 -73.83
40.7081 -73.8201
40.7027 -73.8172
40.7008 -73.8079
40.7057 -73.8095
40.7071 -73.8045
40.7076 -73.8028
40.7101 -73.7949
40.7108 -73.7932
40.7109 -73.7929
40.7123 -73.7845
40.7124 -73.7843
40.7129 -73.7833
40.7128 -73.7827
40.6047 -73.7542
40.5831 -73.8276
40.5835 -73.8272
40.5856 -73.8203
40.5908 -73.7966
40.5912 -73.7961
40.5922 -73.7892
40.5928 -73.7762
40.5931 -73.776
40.5954 -73.7679
40.6768 -73.8996
40.6514 -73.8992
40.7397 -74.0028
40.7399 -74.0027
40.7398 -74.0023
40.7404 -74.0018
40.7409 -74.0014
40.7411 -74.0013
40.7102 -74.0076
40.7453 -73.9988
40.7455 -73.9986
40.7374 -73.9972
40.7376 -73.9971
40.7372 -73.9967
40.7371 -73.9966
40.7373 -73.9964
40.7385 -73.9957
40.7345 -73.9902
40.7349 -73.9913
40.7353 -73.9903
40.7365 -73.9904
40.7412 -73.998
40.7409 -73.9977
40.7418 -73.9976
40.7416 -73.9972
40.7453 -73.9981
40.7461 -73.9981
40.7466 -73.9978
40.7142 -74.0084
40.7134 -74.0068
40.7467 -73.9977
40.7465 -73.9971
40.7439 -73.9956
40.7443 -73.9958
40.7441 -73.9953
40.7431 -73.9931
40.7516 -73.9942
40.7473 -73.9936
40.7472 -73.9931
40.7505 -73.9913
40.7508 -73.9905
40.7513 -73.9939
40.7517 -73.9941
40.752 -73.9934
40.7524 -73.9937
40.7522 -73.9931
40.753 -73.9932
40.7528 -73.9926
40.7512 -73.9908
40.7559 -73.9905
40.7342 -73.9895
40.733 -73.9867
40.7333 -73.9869
40.7311 -73.9826
40.7311 -73.9826
40.7314 -73.9821
40.7408 -73.9896
40.7413 -73.9896
40.7154 -74.0095
40.7153 -74.0092
40.7156 -74.009
40.7149 -74.0082
40.7148 -74.0079
40.715 -74.0077
40.719 -74.0071
40.719 -74.0067
40.7199 -74.0066
40.7229 -74.0066
40.742 -73.9894
40.7411 -73.9891
40.7414 -73.9889
40.7415 -73.989
40.7401 -73.9866
40.7402 -73.9866
40.74 -73.9862
40.7455 -73.989
40.7451 -73.9885
40.7402 -73.986
40.7434 -73.9844
40.7435 -73.9843
40.7432 -73.9839
40.7433 -73.9839
40.7457 -73.9825
40.7456 -73.9822
40.7463 -73.9817
40.7466 -73.9815
40.7487 -73.9887
40.7501 -73.9881
40.7484 -73.988
40.7506 -73.9874
40.7546 -73.9878
40.7543 -73.9866
40.7537 -73.9851
40.7534 -73.9849
40.702 -74.0131
40.7042 -74.0145
40.7048 -74.0146
40.704 -74.0133
40.7046 -74.0136
40.7041 -74.013
40.7058 -74.0115
40.7058 -74.0113
40.7065 -74.0143
40.7066 -74.0141
40.7076 -74.0139
40.7075 -74.0133
40.7077 -74.0131
40.7076 -74.0129
40.7081 -74.0129
40.708 -74.0127
40.7082 -74.0136
40.7073 -74.0122
40.7076 -74.0119
40.7072 -74.012
40.7074 -74.0118
40.7064 -74.0113
40.7061 -74.0111
40.7069 -74.0107
40.7102 -74.0112
40.7104 -74.0111
40.7111 -74.0106
40.7069 -74.0105
40.7064 -74.0097
40.7063 -74.0094
40.7065 -74.0095
40.7074 -74.0088
40.7101 -74.0076
40.7105 -74.0097
40.7117 -74.0102
40.7102 -74.0094
40.7109 -74.0093
40.7123 -74.0103
40.713 -74.0092
40.7133 -74.0095
40.7133 -74.009
40.7139 -74.009
40.7372 -74.0004
40.738 -74.0003
40.7385 -73.9999
40.7384 -73.9997
40.7543 -73.9419
40.6828 -73.9646
40.6884 -73.9842
40.7221 -73.9969
40.7518 -73.9753
40.7529 -73.9932
40.693 -73.9874
40.7303 -73.9544
40.7028 -73.9079
40.7509 -73.9751
40.5196 -74.2295
40.5198 -74.2289
40.5197 -74.2287
40.5225 -74.2168
40.5251 -74.2007
40.5406 -74.1784
40.5444 -74.1652
40.5442 -74.165
40.551 -74.1515
40.5406 -74.1775
40.556 -74.1375
40.5652 -74.1261
40.5647 -74.1269
40.5733 -74.1176
40.5794 -74.1091
40.5791 -74.1097
40.5841 -74.1028
40.5885 -74.0964
40.5886 -74.0966
40.5887 -74.0961
40.5961 -74.0876
40.6036 -74.0836
40.6216 -74.0717
40.6278 -74.0751
40.6376 -74.075
40.6432 -73.9793
40.7322 -73.9548
40.636 -73.995
40.706 -73.8962
40.6835 -73.9111
40.7738 -73.96
40.8124 -73.9041
40.6923 -73.9903
40.7599 -73.8286
40.6952 -73.903
40.8613 -73.8974
40.7548 -73.9837
40.7404 -73.9865
40.7508 -73.9397
40.7669 -73.983
40.7089 -73.959
40.6142 -74.0006
40.6627 -73.9091
40.8554 -73.9296
40.6128 -74.001
40.7548 -73.9846
40.7333 -73.9996
40.8255 -73.9439
40.8657 -73.9272
40.7147 -73.9443
40.6651 -73.9228
40.6413 -73.964
40.7598 -73.8288
40.6354 -73.9779
40.7142 -73.9509
40.6806 -73.8425
40.6836 -73.9667
40.6303 -74.0255
40.7527 -73.9785
40.6399 -73.9482
40.6796 -73.8577
40.6793 -73.9322
40.7597 -73.9739
40.6802 -73.9494
40.7514 -73.8559
40.7336 -73.8695
40.7106 -74.0086
40.717 -73.9562
40.763 -73.9678
40.6658 -73.9789
40.7653 -73.9725
40.5762 -73.9677
40.6979 -73.9265
40.6509 -73.9494
40.8359 -73.9401
40.762 -73.9867
40.7078 -73.9397
40.751 -73.9903
40.6891 -73.9859
40.6317 -73.9473
40.7127 -73.783
40.6203 -73.9985
40.7061 -73.9337
40.7464 -73.9821
40.6924 -73.9907
40.7102 -74.008
40.6189 -73.9992
40.7677 -73.9639
40.6857 -73.8269
40.7498 -73.9917
40.7086 -74.007
40.6937 -73.8526
40.6261 -73.9765
40.7605 -73.9802
40.7421 -73.881
40.6998 -73.911
40.7099 -73.7946
40.6404 -73.9942
40.7104 -74.0097
40.7395 -73.9871
40.7593 -73.9806
40.7646 -73.9742
40.681 -73.9755
40.7085 -73.9577
40.7578 -73.9711
40.7528 -73.9789
40.7498 -73.9875
40.6671 -73.9817
40.7531 -73.9795
40.6861 -73.9157
40.6204 -73.9988
40.6572 -73.95
40.6942 -73.9926
40.6888 -73.9598
40.6895 -73.8733
40.6287 -73.9765
40.7084 -73.9581
40.6412 -73.9945
40.76 -73.9801
40.6952 -73.9038
40.6543 -74.0042
40.7239 -73.9507
40.7503 -73.9871
40.7504 -73.987
40.7547 -73.9881
40.7542 -73.9867
40.7535 -73.9853
40.7019 -74.0126
40.7021 -74.0131
40.7048 -74.0145
40.7041 -74.0133
40.7021 -74.0126
40.706 -74.0115
40.7067 -74.0141
40.7073 -74.0134
40.7079 -74.013
40.7079 -74.0128
40.7081 -74.0134
40.7077 -74.0119
40.7074 -74.0121
40.7076 -74.0117
40.707 -74.0109
40.7071 -74.0108
40.7109 -74.0108
40.7126 -74.0118
40.708 -74.0098
40.7064 -74.0093
40.7095 -74.0083
40.7096 -74.0066
40.7118 -74.0102
40.7106 -74.0095
40.711 -74.0092
40.7127 -74.0099
40.7134 -74.0093
40.7138 -74.009
40.7374 -74.0008
40.7378 -73.9999
40.7388 -73.9997
40.6803 -73.9497
40.6781 -73.9109
40.6655 -73.8883
40.7515 -73.8557
40.7567 -73.9724
40.7468 -73.994
40.684 -73.8327
40.5765 -73.9679
40.5176 -74.2389
40.5195 -74.2295
40.5228 -74.2166
40.5254 -74.2008
40.5402 -74.1787
40.5516 -74.1506
40.5332 -74.1923
40.5569 -74.1363
40.5653 -74.1263
40.574 -74.1166
40.5789 -74.1096
40.584 -74.1027
40.589 -74.0957
40.5961 -74.0878
40.6218 -74.0719
40.6363 -74.0747
40.7056 -73.8098
40.7501 -73.8625
40.6649 -73.8939
40.6509 -73.9498
40.7142 -73.9493
40.7301 -73.9541
40.6285 -73.977
40.6976 -73.9932
40.6322 -74.0066
40.7045 -73.9192
40.7667 -73.9832
40.7583 -73.9705
40.7213 -73.8444
40.7024 -73.7999
40.749 -73.8695
40.6443 -74.0733
40.578 -73.9605
40.6406 -74.0184
40.6987 -73.9186
40.7094 -74.0084
40.5121 -74.2528
40.693 -73.9874
40.7126 -73.7832
40.6998 -73.9113
40.625 -73.961
40.7179 -74.0003
40.751 -73.9913
40.645 -73.9491
40.6897 -73.9516
40.7465 -73.8962
40.7517 -73.9772
40.6773 -73.9722
40.7513 -73.9754
40.7634 -73.9825
40.6625 -73.9623
40.8161 -73.8962
40.7797 -73.9556
40.6836 -73.8728
40.868 -73.9212
40.8564 -73.8674
40.6801 -73.8451
40.6561 -73.9504
40.6407 -73.9486
40.5995 -73.7616
40.6657 -73.9795
40.6914 -73.8662
40.6961 -73.9047
40.6805 -73.9497
40.7464 -73.8903
40.8076 -73.919
40.6364 -73.9949
40.6188 -73.9989
40.7087 -73.9579
40.7409 -74.0019
40.6832 -73.9646
40.6725 -73.8904
40.7487 -73.9385
40.6783 -73.9137
40.6778 -73.8917
40.7516 -73.9774
40.7188 -73.9879
40.7509 -73.9879
40.6304 -73.9773
40.7517 -73.9761
40.7596 -73.9741
40.7092 -74.0067
40.6494 -73.9635
40.7443 -73.9114
40.6299 -73.9615
40.6192 -73.9992
40.6797 -73.8857
40.7186 -73.8383
40.6505 -73.9493
40.7179 -73.9576
40.7237 -73.9509
40.7121 -73.9406
40.7522 -73.9784
40.7623 -73.9864
40.7506 -73.988
40.7557 -73.9869
40.7331 -73.9997
40.7005 -73.8074
40.7056 -73.9501
40.7446 -73.9113
40.7475 -73.884
40.7501 -73.9908
40.6053 -73.9804
40.7082 -73.9579
40.6861 -73.9733
40.6924 -73.9875
40.6796 -73.8526
40.7071 -73.9544
40.7128 -73.7825
40.6507 -73.9497
40.6797 -73.8504
40.686 -73.8244
40.6646 -73.8942
40.6665 -73.8834
40.7397 -73.987
40.7493 -73.8696
40.7468 -73.8907
40.7136 -73.8301
40.7558 -73.9126
40.7491 -73.8692
40.7496 -73.9877
40.6809 -73.975
40.7606 -73.9839
40.6995 -73.9106
40.6798 -73.9411
40.7458 -73.9826
40.8151 -73.9584
40.709 -74.0068
40.6443 -73.9645
40.6824 -73.9099
40.6784 -73.9107
40.7566 -73.9211
40.6858 -73.9728
40.6328 -73.9474
40.6333 -73.9478
40.6325 -73.9475
40.6399 -73.9486
40.6511 -73.9497
40.6633 -73.951
40.6682 -73.9508
40.6698 -73.9507
40.6694 -73.9423
40.6694 -73.9421
40.6688 -73.9338
40.6687 -73.9314
40.6689 -73.9314
40.6689 -73.9312
40.693 -73.9279
40.6928 -73.9281
40.6997 -73.9503
40.7073 -73.9543
40.7064 -73.9524
40.7138 -73.9518
40.7139 -73.9517
40.7042 -73.9483
40.7044 -73.9481
40.7035 -73.9465
40.7008 -73.9417
40.7301 -73.9544
40.7256 -73.9516
40.7144 -73.9445
40.7146 -73.9446
40.7077 -73.94
40.7118 -73.9408
40.7119 -73.9404
40.6981 -73.9264
40.7063 -73.9317
40.7065 -73.9317
40.6649 -73.9231
40.6614 -73.9155
40.6615 -73.9153
40.6624 -73.9088
40.6633 -73.9028
40.6634 -73.9025
40.6792 -73.9219
40.679 -73.9214
40.6785 -73.911
40.6893 -73.9214
40.6867 -73.9175
40.69 -73.9231
40.6859 -73.9159
40.6827 -73.9097
40.6757 -73.9027
40.6754 -73.9026
40.6768 -73.8992
40.6743 -73.8963
40.6746 -73.8963
40.6657 -73.8886
40.6729 -73.8905
40.6729 -73.8902
40.674 -73.8809
40.6743 -73.8809
40.6743 -73.8807
40.6818 -73.879
40.6753 -73.8718
40.6755 -73.8718
40.6834 -73.8728
40.6989 -73.9187
40.7043 -73.9195
40.7044 -73.919
40.7033 -73.9177
40.7036 -73.9177
40.7071 -73.9239
40.706 -73.9223
40.7063 -73.9221
40.7045 -73.9022
40.6784 -73.9038
40.6823 -73.9051
40.7417 -73.8811
40.76 -73.8287
40.7549 -73.8454
40.7547 -73.8462
40.7419 -73.8814
40.7297 -73.862
40.729 -73.8597
40.73 -73.8626
40.6951 -73.8433
40.7017 -73.8025
40.7029 -73.7998
40.7082 -73.9582
40.6961 -73.9043
40.6958 -73.9055
40.6865 -73.9746
40.6833 -73.9667
40.6801 -73.9405
40.679 -73.9299
40.6796 -73.9323
40.688 -73.9656
40.6881 -73.9676
40.689 -73.9602
40.6896 -73.955
40.6893 -73.9552
40.7053 -73.9504
40.7053 -73.9501
40.5927 -73.9786
40.6552 -73.9617
40.6296 -73.9619
40.6327 -73.9473
40.6499 -73.9759
40.6306 -73.9767
40.616 -74.0308
40.8132 -73.9297
40.5134 -74.2511
40.5155 -74.2455
40.747 -73.8914
40.7478 -73.884
40.7483 -73.8765
40.7486 -73.8764
40.7331 -73.8702
40.7493 -73.8694
40.7498 -73.8626
40.7261 -73.8521
40.7262 -73.8516
40.7271 -73.8532
40.7211 -73.844
40.7219 -73.8444
40.7138 -73.8317
40.7141 -73.8299
40.7179 -73.8367
40.7147 -73.832
40.715 -73.8316
40.7594 -73.8303
40.7596 -73.8304
40.7595 -73.8299
40.7599 -73.8292
40.7599 -73.829
40.7093 -73.8197
40.7097 -73.8196
40.7049 -73.812
40.7004 -73.8079
40.7008 -73.8077
40.7059 -73.8096
40.7022 -73.8018
40.7071 -73.8043
40.7074 -73.8045
40.7078 -73.8029
40.7026 -73.7998
40.7098 -73.7947
40.7105 -73.793
40.7106 -73.7929
40.7125 -73.7851
40.7122 -73.785
40.7127 -73.7844
40.7127 -73.7843
40.7126 -73.7836
40.7129 -73.7832
40.7132 -73.7822
40.5805 -73.8375
40.5834 -73.8275
40.5832 -73.8271
40.5837 -73.8264
40.5853 -73.8202
40.588 -73.8142
40.5881 -73.8138
40.5907 -73.7978
40.5909 -73.7961
40.5922 -73.7896
40.5925 -73.7894
40.5925 -73.7891
40.5922 -73.7873
40.5929 -73.7756
40.5931 -73.7757
40.5955 -73.7683
40.5957 -73.768
40.6768 -73.8992
40.6873 -73.9748
40.6871 -73.9747
40.6767 -73.8655
40.6792 -73.8601
40.6896 -73.8736
40.6926 -73.8591
40.6602 -73.8304
40.6793 -73.8577
40.659 -73.8993
40.6686 -73.9019
40.6871 -73.9767
40.6799 -73.8527
40.6804 -73.8451
40.6924 -73.8589
40.6694 -73.8348
40.6816 -73.8388
40.6819 -73.8368
40.6968 -73.837
40.6846 -73.831
40.6849 -73.8311
40.7002 -73.8293
40.697 -73.8371
40.7006 -73.8272
40.616 -74.0314
40.6176 -74.0306
40.6226 -74.0286
40.6235 -74.0282
40.6295 -74.0257
40.6077 -74.0019
40.6046 -73.9984
40.614 -74.0003
40.6046 -73.998
40.6019 -73.994
40.6021 -73.9939
40.6019 -73.9936
40.6306 -74.0041
40.6256 -73.9969
40.6271 -73.9969
40.6274 -73.9967
40.6315 -73.9956
40.6316 -73.9953
40.5763 -73.981
40.5758 -73.9769
40.5806 -73.9744
40.588 -73.9837
40.5883 -73.9838
40.5884 -73.9835
40.5978 -73.9872
40.598 -73.987
40.5905 -73.9743
40.5964 -73.9789
40.5766 -73.9693
40.5766 -73.969
40.5774 -73.9619
40.5777 -73.962
40.5777 -73.9617
40.5777 -73.9602
40.5951 -73.9737
40.5968 -73.9734
40.5968 -73.9732
40.6032 -73.9802
40.6143 -73.9742
40.6143 -73.9739
40.6174 -73.9849
40.6161 -73.9742
40.6209 -73.9755
40.6212 -73.9755
40.6022 -73.9724
40.604 -73.9724
40.6086 -73.9731
40.6088 -73.958
40.6089 -73.9577
40.618 -73.9595
40.6251 -73.9608
40.5858 -73.9543
40.595 -73.9551
40.5989 -73.9561
40.6348 -74.0236
40.6355 -74.0233
40.6416 -74.0179
40.6414 -74.0176
40.6416 -74.0175
40.6344 -74.0108
40.6446 -74.0144
40.6447 -74.0146
40.6494 -74.0097
40.6496 -74.0095
40.6495 -74.0092
40.6403 -73.9945
40.6412 -73.9941
40.6545 -74.0045
40.6605 -73.9982
40.6653 -73.9932
40.6651 -73.993
40.6746 -73.9973
40.6354 -73.9782
40.637 -73.9782
40.6426 -73.9795
40.6449 -73.98
40.6518 -73.9761
40.6526 -73.9759
40.6602 -73.9797
40.6594 -73.98
40.6608 -73.979
40.6614 -73.9797
40.6541 -73.9619
40.6705 -73.9888
40.6704 -73.9885
40.6667 -73.9815
40.6655 -73.979
40.6861 -73.9743
40.6865 -73.9744
40.6857 -73.9734
40.8586 -73.9344
40.8612 -73.9251
40.8612 -73.9251
40.8652 -73.9273
40.8653 -73.9274
40.8654 -73.927
40.8678 -73.9214
40.8676 -73.921
40.8643 -73.9189
40.8647 -73.9189
40.8683 -73.9196
40.8694 -73.9155
40.8693 -73.9152
40.8697 -73.915
40.8745 -73.9105
40.8788 -73.905
40.8787 -73.9048
40.8792 -73.9048
40.8848 -73.9009
40.8852 -73.9005
40.8902 -73.8982
40.89 -73.8978
40.7474 -73.944
40.7482 -73.9471
40.7462 -73.9453
40.7732 -73.9821
40.7788 -73.9817
40.7794 -73.9556
40.7795 -73.9554
40.8531 -73.9374
40.8565 -73.9327
40.8107 -73.927
40.8109 -73.9267
40.81 -73.9254
40.8103 -73.9254
40.8183 -73.9276
40.8184 -73.9276
40.8184 -73.9271
40.8275 -73.9262
40.8278 -73.9262
40.8277 -73.9258
40.828 -73.926
40.8281 -73.9256
40.8074 -73.9192
40.8053 -73.9142
40.8053 -73.9136
40.8054 -73.9138
40.8159 -73.9177
40.8163 -73.9179
40.8274 -73.9242
40.8275 -73.9241
40.8082 -73.9081
40.8083 -73.908
40.8083 -73.9076
40.8118 -73.9042
40.8277 -73.9263
40.8276 -73.9264
40.5994 -73.7622
40.8124 -73.9038
40.8163 -73.9078
40.8166 -73.9078
40.8196 -73.902
40.8196 -73.9014
40.8199 -73.9017
40.8163 -73.8965
40.8239 -73.893
40.8242 -73.8931
40.8244 -73.8927
40.8206 -73.8916
40.8208 -73.8904
40.8274 -73.8863
40.8285 -73.8792
40.8287 -73.8791
40.8359 -73.9214
40.8358 -73.9211
40.8329 -73.9188
40.8331 -73.9194
40.8343 -73.9176
40.8348 -73.9178
40.84 -73.918
40.8399 -73.9178
40.8387 -73.9142
40.8384 -73.9136
40.8401 -73.9133
40.8447 -73.9146
40.8449 -73.9116
40.8449 -73.9113
40.8483 -73.9121
40.8485 -73.9116
40.8463 -73.9091
40.8304 -73.892
40.8533 -73.908
40.85 -73.906
40.8501 -73.9059
40.8511 -73.905
40.8511 -73.9043
40.8536 -73.9074
40.8559 -73.9006
40.8562 -73.901
40.8584 -73.9041
40.8585 -73.904
40.8614 -73.898
40.8611 -73.8974
40.8626 -73.9014
40.8626 -73.901
40.8623 -73.8969
40.8627 -73.8966
40.8676 -73.8972
40.8677 -73.897
40.8662 -73.8943
40.8661 -73.894
40.8677 -73.8928
40.8301 -73.8915
40.8302 -73.8915
40.8375 -73.8878
40.8372 -73.8876
40.8402 -73.8804
40.8404 -73.8798
40.8407 -73.8795
40.8294 -73.8747
40.8296 -73.8747
40.8318 -73.8672
40.8333 -73.861
40.8489 -73.8683
40.8491 -73.8683
40.8564 -73.8678
40.858 -73.8677
40.858 -73.8675
40.8702 -73.8458
40.8735 -73.8898
40.8725 -73.8879
40.874 -73.8869
40.8751 -73.8794
40.8742 -73.8775
40.8793 -73.8853
40.8794 -73.885
40.8795 -73.8852
40.8802 -73.8844
40.8802 -73.884
40.8867 -73.8781
40.8716 -73.8673
40.8714 -73.867
40.8779 -73.8664
40.8837 -73.8629
40.8878 -73.8606
40.8796 -73.8379
40.8877 -73.8604
40.8343 -73.8516
40.8369 -73.8467
40.8402 -73.8428
40.8439 -73.8365
40.8468 -73.8324
40.8472 -73.8323
40.8527 -73.8272
40.8933 -73.8573
40.8983 -73.8542
40.9033 -73.8503
40.8898 -73.8984
40.816 -73.918
40.8163 -73.9178
40.8159 -73.9175
40.822 -73.8967
40.8244 -73.8928
40.8414 -73.8728
40.888 -73.8312
40.828 -73.9256
40.7469 -73.8924
40.7304 -73.8624
40.746 -73.8902
40.7359 -73.8769
40.7363 -73.8764
40.7374 -73.8772
40.6925 -73.9912
40.6924 -73.9874
40.6923 -73.9875
40.693 -73.9873
40.6931 -73.9872
40.6916 -73.9874
40.6916 -73.9873
40.6898 -73.9813
40.685 -73.9779
40.6753 -73.9709
40.6752 -73.9711
40.6745 -73.9579
40.6812 -73.9556
40.688 -73.9805
40.6882 -73.9803
40.7426 -73.9543
40.7426 -73.9542
40.7428 -73.9538
40.7423 -73.9527
40.7425 -73.9525
40.7446 -73.949
40.7447 -73.9487
40.7463 -73.9457
40.7462 -73.945
40.7467 -73.9438
40.7479 -73.9472
40.7446 -73.9318
40.7446 -73.9316
40.7447 -73.9315
40.7447 -73.9309
40.7503 -73.9402
40.7487 -73.9373
40.7496 -73.9361
40.7525 -73.9328
40.7519 -73.9306
40.7522 -73.9288
40.752 -73.9271
40.7565 -73.93
40.7568 -73.9297
40.7618 -73.9254
40.7437 -73.9245
40.7439 -73.9244
40.7439 -73.9241
40.7431 -73.9189
40.7431 -73.9185
40.743 -73.918
40.7432 -73.9179
40.7441 -73.913
40.7581 -73.9198
40.7583 -73.9194
40.7569 -73.9143
40.756 -73.9122
40.7457 -73.9031
40.7531 -73.9071
40.7534 -73.9068
40.7493 -73.8973
40.7667 -73.9214
40.767 -73.9211
40.7703 -73.918
40.771 -73.9171
40.7709 -73.9169
40.7748 -73.9122
40.7752 -73.912
40.7542 -73.9425
40.7543 -73.9424
40.7729 -73.9824
40.7739 -73.9825
40.7784 -73.9819
40.7749 -73.9771
40.7764 -73.976
40.7838 -73.9803
40.7841 -73.9801
40.784 -73.9797
40.7881 -73.9763
40.7885 -73.9767
40.7678 -73.9645
40.768 -73.9642
40.7679 -73.9639
40.7735 -73.9597
40.7736 -73.9597
40.7737 -73.9601
40.7736 -73.9601
40.7738 -73.96
40.782 -73.972
40.7822 -73.9717
40.7853 -73.9696
40.7855 -73.9695
40.7868 -73.9684
40.7934 -73.973
40.7931 -73.9727
40.7945 -73.9722
40.7943 -73.9718
40.7917 -73.965
40.7923 -73.9644
40.7993 -73.9687
40.7992 -73.9683
40.7994 -73.9686
40.804 -73.9666
40.8044 -73.9668
40.7963 -73.9616
40.8 -73.9585
40.8009 -73.9584
40.8083 -73.9639
40.8084 -73.9639
40.8082 -73.9635
40.8157 -73.9586
40.7795 -73.9558
40.7797 -73.9557
40.7859 -73.9512
40.7856 -73.9509
40.7861 -73.951
40.7948 -73.9446
40.5992 -73.7619
40.7947 -73.9443
40.8043 -73.9556
40.8042 -73.9551
40.799 -73.9521
40.802 -73.9499
40.8018 -73.9496
40.8021 -73.9494
40.8044 -73.9551
40.8107 -73.9529
40.811 -73.9526
40.8109 -73.9523
40.8116 -73.9522
40.812 -73.9517
40.7985 -73.9419
40.7989 -73.9416
40.7987 -73.9414
40.8076 -73.9454
40.8079 -73.9452
40.8214 -73.9544
40.8216 -73.9542
40.8216 -73.9537
40.8262 -73.9504
40.8265 -73.9501
40.8171 -73.9483
40.8169 -73.9478
40.8172 -73.9477
40.8184 -73.9472
40.814 -73.9411
40.8242 -73.9449
40.8241 -73.9444
40.8249 -73.9444
40.8043 -73.9376
40.8042 -73.9374
40.8045 -73.9372
40.8143 -73.9409
40.8142 -73.9406
40.8202 -73.9362
40.8206 -73.9363
40.8242 -73.9369
40.8343 -73.9452
40.8308 -73.9416
40.8309 -73.9416
40.8312 -73.9416
40.8312 -73.9415
40.8339 -73.9447
40.8352 -73.9401
40.8353 -73.9396
40.8409 -73.9402
40.8407 -73.9397
40.8419 -73.9396
40.8419 -73.9395
40.8464 -73.9402
40.8464 -73.9399
40.8478 -73.9397
40.8479 -73.9393
40.8508 -73.9385
40.8507 -73.9382
40.8492 -73.9337
40.7535 -73.9848
40.7546 -73.9839
40.7573 -73.9896
40.7579 -73.9895
40.7587 -73.989
40.7584 -73.9887
40.7552 -73.9874
40.756 -73.9872
40.7565 -73.9863
40.7617 -73.9868
40.7625 -73.9863
40.749 -73.9885
40.7118 -74.0051
40.759 -73.9844
40.7595 -73.9849
40.7621 -73.9858
40.7622 -73.9858
40.7616 -73.9842
40.7605 -73.984
40.7605 -73.9834
40.7614 -73.9838
40.7534 -73.9811
40.6606 -73.8305
40.7522 -73.978
40.7517 -73.9777
40.7575 -73.9693
40.758 -73.9815
40.7586 -73.9811
40.7591 -73.9813
40.7594 -73.981
40.7601 -73.9805
40.7629 -73.9816
40.7603 -73.9756
40.7573 -73.9721
40.757 -73.9717
40.757 -73.9715
40.7581 -73.9708
40.7577 -73.9691
40.7621 -73.9681
40.7624 -73.9683
40.7621 -73.9663
40.7624 -73.9661
40.7623 -73.9659
40.7674 -73.9821
40.7688 -73.9821
40.7644 -73.9812
40.7641 -73.9808
40.7654 -73.9803
40.7658 -73.98
40.7636 -73.9779
40.6671 -73.8337
40.7611 -73.9834
40.7676 -73.9814
40.7677 -73.9813
40.7635 -73.9777
40.7638 -73.9777
40.7639 -73.9773
40.7646 -73.9771
40.7648 -73.9738
40.7648 -73.9738
40.7647 -73.9722
40.7647 -73.9666
40.7127 -74.005
40.7129 -74.0048
40.7138 -74.0038
40.7143 -74.0032
40.7578 -73.9818
40.7586 -73.9816
40.7431 -73.993
40.7427 -73.9926
40.7429 -73.9931
40.7217 -74.0056
40.7208 -74.0054
40.722 -74.0051
40.7192 -74.0019
40.7194 -74.0021
40.7194 -74.0021
40.7196 -74.002
40.7186 -74.0006
40.7225 -74.006
40.7262 -74.004
40.728 -74.0057
40.7286 -74.0055
40.7277 -74.0053
40.728 -74.0053
40.7287 -74.0055
40.7287 -74.0051
40.7224 -73.9974
40.7222 -73.9968
40.7182 -73.9936
40.72 -73.9936
40.7203 -73.9934
40.7244 -73.9979
40.7241 -73.9977
40.7252 -73.9966
40.725 -73.9956
40.725 -73.9957
40.7253 -73.9956
40.726 -73.9948
40.7257 -73.9946
40.7258 -73.9943
40.7237 -73.9917
40.7298 -73.9933
40.7297 -73.993
40.7305 -73.9923
40.73 -73.9914
40.7301 -73.9908
40.7335 -74.0031
40.7336 -74.0031
40.7334 -74.0027
40.7311 -74.0015
40.7306 -73.9927
40.7308 -73.9926
40.7127 -73.9901
40.7144 -73.9899
40.7182 -73.9883
40.7186 -73.9876
40.7228 -73.9889
40.7232 -73.9889
40.7063 -74.0141
40.7186 -74.0006
40.7182 -74.0003
40.7112 -74.0113
40.6792 -73.9957
40.6808 -73.9943
40.6854 -73.9911
40.6867 -73.9906
40.6869 -73.9905
40.686 -73.973
40.8297 -73.8745
40.7018 -73.8019
40.7501 -73.8622
40.697 -73.9357
40.5765 -73.9677
40.6939 -73.9295
40.7614 -73.9844
40.7168 -73.9563
40.6805 -73.9494
40.666 -73.9793
40.7139 -73.9492
40.7488 -73.937
40.6745 -73.8967
40.7068 -74.0088
40.7102 -74.0092
40.7243 -73.998
40.645 -73.9488
40.7016 -74.0133
40.6955 -73.9491
40.6632 -73.9507
40.8494 -73.9333
40.7087 -73.9591
40.759 -73.9808
40.7424 -73.9531
40.7523 -73.9783
40.7543 -73.9871
40.7553 -73.9839
40.7859 -73.9507
40.7572 -73.9721
40.7139 -74.0036
40.7353 -73.9911
40.7462 -73.9816
40.7344 -73.9893
40.7984 -73.9416
40.7102 -73.7947
40.7131 -73.7827
40.5911 -73.7965
40.5952 -73.7682
40.6636 -73.9006
40.6862 -73.8245
40.6078 -74.0016
40.874 -73.8865
40.8655 -73.8675
40.8341 -73.8518
40.9036 -73.8504
40.7301 -73.8614
40.6926 -73.9911
40.7182 -74.0004
40.7226 -74.0061
40.68 -73.9401
40.8133 -73.9299
40.7222 -73.845
40.7076 -73.8026
40.588 -73.8136
40.7428 -73.883
40.7461 -73.9453
40.7522 -73.9292
40.7541 -73.9425
40.7464 -73.9973
40.7528 -73.9927
40.7395 -73.9866
40.756 -73.991
40.7425 -73.9486
40.7902 -73.9479
40.7575 -73.99
40.7562 -73.9871
40.757 -73.9718
40.7184 -74.0002
40.7345 -73.9903
40.7561 -73.9909
40.7486 -73.9885
40.7545 -73.9871
40.7111 -74.0094
40.6813 -73.8387
40.7352 -73.9898
40.7514 -73.9764
40.7556 -73.9863
40.7643 -73.9812
40.6871 -73.9763
40.6795 -73.8601
40.6902 -73.8716
40.6604 -73.8304
40.6512 -73.8989
40.6633 -73.9005
40.6698 -73.9023
40.68 -73.8505
40.6941 -73.8505
40.6808 -73.8426
40.6822 -73.837
40.6843 -73.8329
40.686 -73.827
40.7005 -73.8292
40.7008 -73.8275
40.6162 -74.0312
40.6175 -74.0303
40.6225 -74.0283
40.6295 -74.0255
40.6076 -74.0015
40.6128 -74.0006
40.6045 -73.9983
40.6048 -73.9983
40.6018 -73.9938
40.619 -73.9989
40.6213 -73.9915
40.6272 -73.9965
40.6243 -73.9959
40.6314 -73.9953
40.577 -73.9811
40.5805 -73.9748
40.5881 -73.9835
40.5979 -73.9874
40.5981 -73.9872
40.5904 -73.974
40.5985 -73.9793
40.5762 -73.968
40.5774 -73.9617
40.5777 -73.9604
40.5951 -73.9733
40.6131 -73.9822
40.6105 -73.9816
40.62 -73.9894
40.6161 -73.9745
40.6209 -73.9751
40.6021 -73.9727
40.604 -73.9721
40.609 -73.9729
40.6091 -73.9578
40.6299 -73.9619
40.5873 -73.9542
40.5988 -73.956
40.6347 -74.0233
40.6407 -74.0188
40.6417 -74.0177
40.6445 -74.0148
40.6444 -74.0146
40.6457 -74.0137
40.6493 -74.0094
40.6361 -73.9947
40.6463 -73.9945
40.6546 -74.0043
40.6603 -73.998
40.6653 -73.9927
40.637 -73.9785
40.6431 -73.9797
40.645 -73.9797
40.6516 -73.9757
40.6607 -73.9795
40.6613 -73.9793
40.67 -73.9891
40.6669 -73.9818
40.6669 -73.9813
40.6862 -73.9745
40.6856 -73.9729
40.8586 -73.9328
40.8653 -73.928
40.8654 -73.9269
40.8675 -73.9213
40.8643 -73.9192
40.8645 -73.9187
40.868 -73.9193
40.8698 -73.9152
40.8743 -73.9098
40.8791 -73.9045
40.8849 -73.9006
40.8897 -73.8979
40.7455 -73.9032
40.7463 -73.9448
40.7736 -73.9825
40.779 -73.9817
40.7796 -73.9554
40.848 -73.9393
40.8107 -73.9268
40.8101 -73.9256
40.8102 -73.9253
40.8183 -73.9272
40.8275 -73.9263
40.8275 -73.926
40.8279 -73.9257
40.8075 -73.9194
40.8052 -73.9139
40.816 -73.9181
40.8162 -73.9175
40.8276 -73.924
40.808 -73.9077
40.812 -73.9039
40.8275 -73.9264
40.8162 -73.908
40.8169 -73.9074
40.8197 -73.9013
40.8164 -73.8959
40.8241 -73.8927
40.8207 -73.8909
40.8274 -73.8861
40.8357 -73.9215
40.8356 -73.9212
40.8529 -73.8269
40.8345 -73.9182
40.8346 -73.9172
40.8401 -73.9176
40.839 -73.9139
40.8398 -73.9127
40.8444 -73.9146
40.8449 -73.9108
40.8465 -73.9097
40.83 -73.892
40.8532 -73.9078
40.8499 -73.9053
40.8537 -73.9077
40.8561 -73.9011
40.856 -73.9005
40.8584 -73.9037
40.8616 -73.8979
40.8629 -73.9011
40.8628 -73.9009
40.8676 -73.8975
40.8664 -73.8945
40.8587 -73.8555
40.8681 -73.8932
40.8374 -73.888
40.8373 -73.8873
40.8406 -73.8798
40.8411 -73.8794
40.8315 -73.8673
40.8331 -73.8609
40.8491 -73.8684
40.8564 -73.8675
40.8546 -73.8602
40.8722 -73.8878
40.8721 -73.8875
40.8749 -73.8793
40.8741 -73.8775
40.8792 -73.8851
40.88 -73.8842
40.8803 -73.8842
40.8868 -73.8784
40.8653 -73.8672
40.8778 -73.8661
40.8835 -73.8627
40.8793 -73.8377
40.8879 -73.8606
40.8367 -73.8466
40.8436 -73.8365
40.847 -73.8326
40.853 -73.8272
40.8935 -73.8575
40.8986 -73.8544
40.9035 -73.8501
40.8162 -73.9176
40.8224 -73.8967
40.8223 -73.8966
40.8412 -73.8735
40.8274 -73.9265
40.7472 -73.8921
40.7466 -73.8915
40.736 -73.8771
40.7375 -73.8774
40.6938 -73.9901
40.693 -73.9873
40.6923 -73.9872
40.6899 -73.9812
40.6837 -73.9785
40.6752 -73.9709
40.6751 -73.971
40.6881 -73.9805
40.6881 -73.9803
40.7428 -73.9539
40.7426 -73.9528
40.7424 -73.9481
40.7424 -73.9482
40.7445 -73.9484
40.7462 -73.944
40.7477 -73.9446
40.7448 -73.9318
40.7445 -73.9309
40.7485 -73.9382
40.7499 -73.9362
40.7529 -73.9329
40.7564 -73.9297
40.7619 -73.9256
40.7622 -73.9253
40.7437 -73.9241
40.7433 -73.9189
40.7432 -73.9185
40.7438 -73.9131
40.7567 -73.9206
40.7566 -73.9144
40.7457 -73.9032
40.7462 -73.8964
40.7491 -73.8975
40.7668 -73.9216
40.7671 -73.9214
40.7702 -73.9178
40.7749 -73.9124
40.775 -73.9118
40.759 -73.9535
40.7737 -73.982
40.7786 -73.9819
40.7762 -73.9762
40.7836 -73.9799
40.7884 -73.9769
40.7883 -73.9762
40.7678 -73.9643
40.7735 -73.9597
40.7736 -73.9596
40.7735 -73.9821
40.7804 -73.9732
40.7852 -73.9696
40.7861 -73.969
40.7933 -73.973
40.7932 -73.9726
40.7946 -73.9721
40.7944 -73.9717
40.7926 -73.9643
40.7991 -73.9683
40.7996 -73.9681
40.8043 -73.9664
40.8 -73.9589
40.8075 -73.964
40.8081 -73.9636
40.8153 -73.9588
40.7795 -73.9559
40.7182 -73.9935
40.7793 -73.9555
40.7902 -73.9477
40.7949 -73.9445
40.7948 -73.9442
40.7985 -73.9526
40.8022 -73.9497
40.8046 -73.9555
40.8106 -73.9526
40.8113 -73.9519
40.8119 -73.9514
40.8077 -73.9457
40.808 -73.9455
40.8214 -73.9538
40.8266 -73.9505
40.8169 -73.9479
40.8186 -73.9475
40.8239 -73.945
40.8238 -73.9447
40.8254 -73.9436
40.8046 -73.9374
40.8139 -73.9408
40.8203 -73.9365
40.8206 -73.9359
40.8342 -73.9451
40.8309 -73.9411
40.831 -73.9411
40.8339 -73.9446
40.8301 -73.9368
40.8407 -73.9393
40.8418 -73.9391
40.8481 -73.9395
40.8479 -73.9397
40.8509 -73.9385
40.8508 -73.9381
40.755 -73.9842
40.7542 -73.983
40.7586 -73.9891
40.7556 -73.9877
40.7553 -73.9872
40.7617 -73.9869
40.7542 -73.9829
40.7119 -74.0052
40.758 -73.9821
40.7594 -73.9847
40.7629 -73.9854
40.7613 -73.9839
40.7632 -73.9827
40.7528 -73.9798
40.7612 -73.9834
40.7517 -73.9778
40.7579 -73.9817
40.7585 -73.9812
40.759 -73.9814
40.7599 -73.9807
40.7628 -73.9817
40.7604 -73.9756
40.7571 -73.9721
40.7573 -73.972
40.7571 -73.9717
40.7577 -73.9692
40.7622 -73.9684
40.7629 -73.9676
40.762 -73.9661
40.7667 -73.9826
40.7677 -73.9825
40.7642 -73.9807
40.7653 -73.9801
40.6606 -73.8304
40.6079 -73.816
40.7656 -73.9798
40.7686 -73.9812
40.7642 -73.9774
40.764 -73.9772
40.7645 -73.9769
40.7647 -73.9723
40.7648 -73.9722
40.7649 -73.9665
40.7122 -74.0043
40.7142 -73.9904
40.7199 -74.005
40.7429 -73.9925
40.7427 -73.9925
40.743 -73.9932
40.7207 -74.005
40.7183 -74.0001
40.7192 -74.0018
40.7196 -74.0019
40.7185 -74.0008
40.7229 -74.0065
40.7256 -74.0043
40.7278 -74.0057
40.7285 -74.0052
40.7225 -73.9974
40.7242 -73.9976
40.7255 -73.9964
40.726 -73.9948
40.7258 -73.9944
40.724 -73.9913
40.7306 -73.9926
40.7306 -73.9922
40.7335 -74.0031
40.7337 -74.003
40.7311 -74.0011
40.7307 -73.9925
40.7139 -73.99
40.7184 -73.9884
40.7184 -73.9872
40.7331 -74.0002
40.7155 -74.0094
40.7183 -73.9939
40.6793 -73.9953
40.6809 -73.9941
40.6856 -73.9915
40.6866 -73.9904
40.6944 -73.9927
40.6977 -73.993
40.6773 -73.9833
40.6809 -73.9757
40.6921 -73.9861
40.6909 -73.9854
40.69 -73.9842
40.6921 -73.9852
40.6915 -73.9824
40.6838 -73.9785
40.6923 -73.9874
40.6774 -73.9728
40.6705 -73.959
40.6705 -73.9577
40.6747 -73.9578
40.6899 -73.9815
40.6994 -73.9914
40.5852 -73.8206
40.6926 -73.9901
40.7386 -73.9994
40.7396 -74.0024
40.7406 -74.0022
40.7412 -74.0017
40.7104 -74.0079
40.7127 -74.0078
40.7451 -73.9984
40.7374 -73.9971
40.7375 -73.997
40.7373 -73.9965
40.7387 -73.9961
40.7387 -73.9956
40.7121 -73.8895
40.7348 -73.991
40.7363 -73.9906
40.7411 -73.9981
40.741 -73.9976
40.7388 -73.996
40.7458 -73.9979
40.7131 -74.0071
40.7135 -74.0067
40.7465 -73.9973
40.744 -73.9959
40.7428 -73.9924
40.7466 -73.9936
40.7474 -73.9935
40.751 -73.9909
40.7515 -73.9942
40.7514 -73.9935
40.7522 -73.9937
40.7531 -73.9933
40.7527 -73.9927
40.7558 -73.9906
40.7342 -73.9897
40.7331 -73.987
40.7331 -73.9865
40.7315 -73.9821
40.7407 -73.9892
40.7143 -74.0086
40.7157 -74.0093
40.7145 -74.0084
40.7151 -74.008
40.7193 -74.0071
40.7199 -74.0069
40.7095 -74.0064
40.7411 -73.9889
40.74 -73.9863
40.7453 -73.989
40.7453 -73.9885
40.7434 -73.9843
40.7431 -73.9838
40.7433 -73.9837
40.7456 -73.9821
40.7466 -73.9819
40.7485 -73.9883
40.7498 -73.9882